[1.37097313e+03 1.02669357e+03 1.76683394e+00 3.64297593e+00
 3.87556689e+02 9.88432987e-04 2.58420903e-04 1.51207350e-03
 0.00000000e+00 1.00180794e+01 4.76571121e+02 7.57319750e-02
 3.61484784e+00 1.25462013e+01 1.69451961e-02 1.38412158e+01
 1.25939784e+02 1.62708021e-02 8.06281969e-05 0.00000000e+00
 2.88775009e-05 0.00000000e+00 1.13327283e+00 3.39911690e+04
 0.00000000e+00 0.00000000e+00 0.00000000e+00 0.00000000e+00
 1.00610999e-03 1.06130558e-01 0.00000000e+00 0.00000000e+00
 0.00000000e+00 0.00000000e+00 0.00000000e+00 0.00000000e+00
 0.00000000e+00 0.00000000e+00 0.00000000e+00 0.00000000e+00
 0.00000000e+00 9.87709824e-02 0.00000000e+00 0.00000000e+00
 0.00000000e+00 0.00000000e+00 0.00000000e+00 0.00000000e+00
 0.00000000e+00 1.36839880e-03 1.97458210e-02 3.95997393e-04
 1.29810505e-01 2.42142716e+06 1.12912637e+05 2.10232941e+04
 2.38112670e+05 1.63802225e+05 5.47981452e+03 6.05871400e+02
 8.59983557e+01 1.14619118e+03 5.69559921e-02 0.00000000e+00
 5.31734702e-04 7.89391997e-05 0.00000000e+00 1.52725044e-02
 0.00000000e+00 6.00814092e-03 2.77580002e-05 0.00000000e+00
 4.67120499e-04 0.00000000e+00 0.00000000e+00 0.00000000e+00
 0.00000000e+00 0.00000000e+00 0.00000000e+00 0.00000000e+00
 0.00000000e+00 0.00000000e+00 0.00000000e+00 0.00000000e+00
 0.00000000e+00 0.00000000e+00 0.00000000e+00 0.00000000e+00
 0.00000000e+00 1.84204942e-01 1.06266579e-02 7.50191298e-03
 1.06287813e-01 0.00000000e+00 4.67414573e-01 1.84776461e-02
 2.14156998e-04 9.32885781e-04 1.36911875e-03 1.78313340e-03
 5.74125297e-04 2.18436395e-04 4.34002194e-01 0.00000000e+00
 1.29282368e-03 1.51390981e-01 1.68082002e-03 9.11353451e-02
 7.32696368e-02 0.00000000e+00 4.50811439e-03 0.00000000e+00
 6.23021684e-04 0.00000000e+00 7.15922484e-04 1.59984771e-01
 2.65764926e-01 6.95068918e-02 3.09526402e-04 5.19078224e-03
 2.77277611e-03 2.42503997e-04 4.90544026e-03 0.00000000e+00
 2.99850704e-04 8.07049547e-02 3.76499986e-04 7.72326465e-02
 0.00000000e+00 0.00000000e+00 2.29245281e-03 0.00000000e+00
 7.82333916e-03 0.00000000e+00 1.17661002e-04 1.26129053e-01
 0.00000000e+00 2.89950200e-04]